44.72702
-74.99034
1.3
690
031
2.7
792
8952
1.4
772
67
1.5
69
9034
2.7
72740
104
0.8
51
168
1.6
770
91
2.9
2812
9237
2.5
72804
99300
2.6
72769
99334
1.6
72759
99408
1.5
72771
99459
2.7
72807
99504
2.2
72814
99574
2.0
72728
99613
1.1
72745
99675
2.5
72784
99867
1.8
72925
99901
1.0
72955
-75.00009
1.7
73008
00115
2.0
73080
00178
1.2
73107
00348
0.9
73034
00321
2.1
72273
00290
4.5
72632
00251
1.2
72691
00338
1.8
72501
00367
1.7
72569
00454
3.8
72746
00612
2.9
72823
00615
0.8
72701
00874
1.0
72609
00863
2.1
72419
00720
6.7
72656
00743
0.9
72417
00832
1.0
72466
00948
3.6
72541
01014
2.5
72634
01033
0.4
72575
01138
2.7
72490
01138
4.5
72331
01106
1.3
72329
01189
3.6
72372
01247
2.6
72625
01239
1.0
72668
01403
4.2
72540
01524
2.8
72580
01589
1.1
72559
01615
3.2
72609
01788
3.6
72549
01829
2.0
72529
01878
3.6
72549
01829
2.0
72525
01904
1.1
72597
01878
3.6
72668
01932
2.1
72657
01985
1.7
72642
02051
0.8
72590
02069
2.0
72615
02162
2.7
72620
02227
0.8
72677
02211
1.6
72837
02099
1.0
72837
01867
3.2
72784
01598
2.4
72782
01308
1.6
72883
01352
1.4
72999
01522
4.3
73008
01595
4.1
73017
01502
1.1
73083
01899
1.1
73113
01755
4.5
73107
01417
3.0
73077
01323
2.0
73133
01300
1.0
73190
01304
1.0
73195
01455
3.9
73205
01622
1.5
73360
01723
1.7
73353
01587
4.1
73295
01291
2.0
73351
01088
1.5
73506
01184
3.2
73514
01205
2.7
73644
01529
2.6
73710
01114
6.6
73570
00824
1.0
73650
00762
0.7
73732
00970
6.2
73822
01220
1.5
73882
01151
1.3
73930
00970
5.6
73886
00789
1.5
73942
00697
1.6
73990
00780
5.9
74119
00817
2.0
74195
00707
1.6
74221
00030
6.2
74131
00438
1.0
74132
00385
1.0
74205
00382
2.0
74274
00423
6.3
74275
00572
1.1